#---it--------t----------dt-------rhomax--------rhom----------urms-----umax-----ruy2m------jmax------jrms------brms------amax-----Azmid_max-----Azmid_ymax-------azpt----------azp2-----
      0     0.00000    1.072E-05  0.0062  1.001561601649361  0.01732  0.06181  0.000100 2.503E+03 4.797E+01 5.601E-01 1.592E-01  0.000000E+00  1.591549E-01  7.539289E-04  7.539289E-04
   5000     0.05370    1.074E-05  0.0063  1.001561589707339  0.00252  0.03441  0.000006 3.396E+02 1.751E+01 5.592E-01 1.591E-01  4.943901E-04  1.591444E-01  7.543412E-04  7.543412E-04
  10000     0.10740    1.074E-05  0.0062  1.001561594887810  0.00386  0.05457  0.000015 3.025E+02 1.628E+01 5.584E-01 1.591E-01  9.234835E-04  1.591338E-01  7.554119E-04  7.554119E-04
  15000     0.16107    1.073E-05  0.0062  1.001561592887992  0.00536  0.07654  0.000028 2.787E+02 1.541E+01 5.578E-01 1.591E-01  1.312311E-03  1.591233E-01  7.569857E-04  7.569857E-04
  20000     0.21470    1.072E-05  0.0062  1.001561595678750  0.00723  0.10002  0.000052 2.633E+02 1.478E+01 5.572E-01 1.591E-01  1.674944E-03  1.591128E-01  7.587910E-04  7.587910E-04
  25000     0.26829    1.071E-05  0.0062  1.001561594915174  0.00945  0.12485  0.000087 2.538E+02 1.434E+01 5.566E-01 1.591E-01  2.020766E-03  1.591023E-01  7.606110E-04  7.606110E-04
  30000     0.32183    1.070E-05  0.0063  1.001561596856710  0.01192  0.14971  0.000138 2.486E+02 1.406E+01 5.560E-01 1.591E-01  2.356627E-03  1.590918E-01  7.623766E-04  7.623766E-04
  35000     0.37533    1.070E-05  0.0062  1.001561596782827  0.01452  0.17428  0.000202 2.468E+02 1.390E+01 5.554E-01 1.591E-01  2.687662E-03  1.590813E-01  7.640016E-04  7.640016E-04
  40000     0.42878    1.069E-05  0.0062  1.001561598545972  0.01716  0.19771  0.000279 2.475E+02 1.384E+01 5.547E-01 1.591E-01  3.017763E-03  1.590708E-01  7.654252E-04  7.654252E-04
  45000     0.48220    1.068E-05  0.0062  1.001561600802377  0.01974  0.21989  0.000364 2.501E+02 1.388E+01 5.541E-01 1.591E-01  3.349892E-03  1.590604E-01  7.666191E-04  7.666191E-04
  50000     0.53557    1.067E-05  0.0062  1.001561601939809  0.02219  0.24013  0.000453 2.541E+02 1.398E+01 5.534E-01 1.590E-01  3.686221E-03  1.590499E-01  7.675951E-04  7.675951E-04
  55000     0.58891    1.066E-05  0.0062  1.001561605976458  0.02443  0.25829  0.000540 2.590E+02 1.414E+01 5.527E-01 1.590E-01  4.028268E-03  1.590395E-01  7.683108E-04  7.683108E-04
  60000     0.64222    1.066E-05  0.0062  1.001561607703819  0.02642  0.27389  0.000618 2.645E+02 1.434E+01 5.519E-01 1.590E-01  4.377093E-03  1.590292E-01  7.687987E-04  7.687987E-04
  65000     0.69550    1.065E-05  0.0062  1.001561613413054  0.02811  0.28676  0.000683 2.702E+02 1.457E+01 5.511E-01 1.590E-01  4.733216E-03  1.590188E-01  7.690577E-04  7.690577E-04
  70000     0.74877    1.065E-05  0.0062  1.001561631829877  0.02946  0.29664  0.000730 2.759E+02 1.480E+01 5.504E-01 1.590E-01  5.096808E-03  1.590084E-01  7.691618E-04  7.691618E-04
  75000     0.80201    1.065E-05  0.0062  1.001561622864673  0.03049  0.30364  0.000760 2.814E+02 1.504E+01 5.496E-01 1.590E-01  5.467796E-03  1.589982E-01  7.689889E-04  7.689889E-04
  80000     0.85525    1.065E-05  0.0062  1.001561627715321  0.03119  0.30788  0.000771 2.866E+02 1.527E+01 5.487E-01 1.590E-01  5.845858E-03  1.589879E-01  7.687194E-04  7.687194E-04
  85000     0.90848    1.065E-05  0.0061  1.001561634805409  0.03161  0.30944  0.000765 2.913E+02 1.547E+01 5.479E-01 1.590E-01  6.230484E-03  1.589776E-01  7.683771E-04  7.683771E-04
  90000     0.96171    1.065E-05  0.0062  1.001561639203810  0.03179  0.30900  0.000746 2.955E+02 1.566E+01 5.471E-01 1.590E-01  6.621036E-03  1.589673E-01  7.679460E-04  7.679460E-04
  95000     1.01495    1.065E-05  0.0061  1.001561648770970  0.03179  0.30687  0.000720 2.991E+02 1.581E+01 5.463E-01 1.590E-01  7.016864E-03  1.589571E-01  7.674517E-04  7.674517E-04
 100000     1.06818    1.065E-05  0.0061  1.001561654904866  0.03168  0.30409  0.000689 3.022E+02 1.593E+01 5.454E-01 1.589E-01  7.417233E-03  1.589468E-01  7.669232E-04  7.669232E-04
 105000     1.12143    1.065E-05  0.0061  1.001561663845032  0.03151  0.30085  0.000657 3.046E+02 1.602E+01 5.446E-01 1.589E-01  7.821377E-03  1.589366E-01  7.663882E-04  7.663882E-04
 110000     1.17468    1.065E-05  0.0062  1.001561670528634  0.03136  0.29756  0.000627 3.066E+02 1.608E+01 5.437E-01 1.589E-01  8.228547E-03  1.589263E-01  7.658443E-04  7.658443E-04
 115000     1.22793    1.065E-05  0.0061  1.001561678631340  0.03126  0.29412  0.000600 3.081E+02 1.611E+01 5.429E-01 1.589E-01  8.638122E-03  1.589161E-01  7.652260E-04  7.652260E-04
 120000     1.28119    1.065E-05  0.0061  1.001561686700461  0.03125  0.29117  0.000578 3.091E+02 1.612E+01 5.420E-01 1.589E-01  9.049519E-03  1.589059E-01  7.645294E-04  7.645294E-04
 125000     1.33446    1.065E-05  0.0061  1.001561693072405  0.03135  0.28844  0.000562 3.098E+02 1.611E+01 5.411E-01 1.589E-01  9.462140E-03  1.588957E-01  7.637463E-04  7.637463E-04
 130000     1.38773    1.065E-05  0.0061  1.001561701515654  0.03156  0.28645  0.000550 3.101E+02 1.609E+01 5.402E-01 1.589E-01  9.875513E-03  1.588855E-01  7.628159E-04  7.628159E-04
 135000     1.44100    1.065E-05  0.0061  1.001561708549387  0.03189  0.28563  0.000544 3.103E+02 1.606E+01 5.394E-01 1.589E-01  1.028937E-02  1.588753E-01  7.616069E-04  7.616069E-04
 140000     1.49427    1.065E-05  0.0061  1.001561715853913  0.03232  0.28572  0.000543 3.103E+02 1.602E+01 5.385E-01 1.589E-01  1.070344E-02  1.588651E-01  7.600506E-04  7.600506E-04
 145000     1.54755    1.065E-05  0.0061  1.001561733356651  0.03281  0.28642  0.000546 3.103E+02 1.598E+01 5.376E-01 1.589E-01  1.111744E-02  1.588549E-01  7.580728E-04  7.580728E-04
 150000     1.60082    1.065E-05  0.0060  1.001561729526052  0.03335  0.28752  0.000552 3.102E+02 1.594E+01 5.367E-01 1.588E-01  1.153129E-02  1.588447E-01  7.554051E-04  7.554051E-04
 155000     1.65409    1.065E-05  0.0060  1.001561736771651  0.03390  0.28891  0.000561 3.101E+02 1.591E+01 5.358E-01 1.588E-01  1.194510E-02  1.588345E-01  7.520381E-04  7.520381E-04
 160000     1.70735    1.065E-05  0.0060  1.001561743100019  0.03446  0.29016  0.000572 3.102E+02 1.588E+01 5.349E-01 1.588E-01  1.235874E-02  1.588244E-01  7.478565E-04  7.478565E-04
 165000     1.76062    1.065E-05  0.0060  1.001561748166153  0.03499  0.29139  0.000583 3.102E+02 1.586E+01 5.340E-01 1.588E-01  1.277226E-02  1.588142E-01  7.428189E-04  7.428189E-04
 170000     1.81388    1.065E-05  0.0060  1.001561758053849  0.03549  0.29329  0.000594 3.104E+02 1.585E+01 5.331E-01 1.588E-01  1.318590E-02  1.588040E-01  7.370008E-04  7.370008E-04
 175000     1.86714    1.065E-05  0.0060  1.001561764554506  0.03594  0.29602  0.000604 3.107E+02 1.584E+01 5.322E-01 1.588E-01  1.359978E-02  1.587939E-01  7.305505E-04  7.305505E-04
 180000     1.92039    1.065E-05  0.0060  1.001561774507410  0.03635  0.29830  0.000612 3.111E+02 1.584E+01 5.313E-01 1.588E-01  1.401389E-02  1.587838E-01  7.237028E-04  7.237028E-04
 185000     1.97364    1.065E-05  0.0060  1.001561782423124  0.03670  0.30050  0.000618 3.115E+02 1.585E+01 5.304E-01 1.588E-01  1.442828E-02  1.587737E-01  7.166820E-04  7.166820E-04
 190000     2.02688    1.065E-05  0.0060  1.001561791926263  0.03700  0.30201  0.000621 3.121E+02 1.586E+01 5.295E-01 1.588E-01  1.484328E-02  1.587636E-01  7.097650E-04  7.097650E-04
 195000     2.08013    1.065E-05  0.0060  1.001561801360867  0.03726  0.30309  0.000621 3.127E+02 1.588E+01 5.286E-01 1.588E-01  1.525892E-02  1.587535E-01  7.031495E-04  7.031495E-04
 200000     2.13337    1.065E-05  0.0060  1.001561809447521  0.03745  0.30350  0.000619 3.133E+02 1.589E+01 5.277E-01 1.587E-01  1.567521E-02  1.587434E-01  6.969917E-04  6.969917E-04
 205000     2.18661    1.065E-05  0.0059  1.001561818994125  0.03760  0.30356  0.000615 3.139E+02 1.591E+01 5.268E-01 1.587E-01  1.609211E-02  1.587333E-01  6.913807E-04  6.913807E-04
 210000     2.23985    1.065E-05  0.0060  1.001561827376086  0.03770  0.30304  0.000609 3.144E+02 1.593E+01 5.259E-01 1.587E-01  1.650987E-02  1.587233E-01  6.863100E-04  6.863100E-04
 215000     2.29310    1.065E-05  0.0059  1.001561833708696  0.03774  0.30219  0.000602 3.150E+02 1.594E+01 5.250E-01 1.587E-01  1.692839E-02  1.587132E-01  6.816701E-04  6.816701E-04
 220000     2.34634    1.065E-05  0.0060  1.001561847979307  0.03774  0.30121  0.000595 3.154E+02 1.595E+01 5.241E-01 1.587E-01  1.734753E-02  1.587032E-01  6.774062E-04  6.774062E-04
 225000     2.39959    1.065E-05  0.0059  1.001561844139641  0.03769  0.30124  0.000589 3.157E+02 1.596E+01 5.233E-01 1.587E-01  1.776723E-02  1.586931E-01  6.733149E-04  6.733149E-04
 230000     2.45283    1.065E-05  0.0059  1.001561849371006  0.03759  0.30114  0.000582 3.159E+02 1.596E+01 5.224E-01 1.587E-01  1.818747E-02  1.586831E-01  6.693099E-04  6.693099E-04
 235000     2.50608    1.065E-05  0.0059  1.001561849501865  0.03744  0.30076  0.000577 3.160E+02 1.595E+01 5.215E-01 1.587E-01  1.860802E-02  1.586731E-01  6.652844E-04  6.652844E-04
 240000     2.55933    1.065E-05  0.0059  1.001561848874257  0.03724  0.30033  0.000572 3.160E+02 1.594E+01 5.206E-01 1.587E-01  1.902866E-02  1.586631E-01  6.611469E-04  6.611469E-04
 245000     2.61257    1.065E-05  0.0059  1.001561851902877  0.03699  0.29954  0.000567 3.159E+02 1.593E+01 5.197E-01 1.587E-01  1.944940E-02  1.586531E-01  6.568609E-04  6.568609E-04
 250000     2.66582    1.065E-05  0.0059  1.001561850534014  0.03668  0.29886  0.000562 3.158E+02 1.590E+01 5.188E-01 1.586E-01  1.987005E-02  1.586431E-01  6.523995E-04  6.523995E-04
 255000     2.71907    1.065E-05  0.0059  1.001561852304569  0.03633  0.29784  0.000558 3.155E+02 1.588E+01 5.179E-01 1.586E-01  2.029045E-02  1.586332E-01  6.477966E-04  6.477966E-04
 260000     2.77233    1.065E-05  0.0059  1.001561851500162  0.03592  0.29692  0.000554 3.152E+02 1.585E+01 5.171E-01 1.586E-01  2.071043E-02  1.586232E-01  6.430581E-04  6.430581E-04
 265000     2.82558    1.065E-05  0.0059  1.001561852353833  0.03547  0.29579  0.000551 3.148E+02 1.582E+01 5.162E-01 1.586E-01  2.113002E-02  1.586132E-01  6.382527E-04  6.382527E-04
 270000     2.87884    1.065E-05  0.0059  1.001561853227579  0.03498  0.29474  0.000547 3.143E+02 1.578E+01 5.154E-01 1.586E-01  2.154915E-02  1.586033E-01  6.334375E-04  6.334375E-04
 275000     2.93210    1.065E-05  0.0059  1.001561853798026  0.03445  0.29348  0.000544 3.138E+02 1.574E+01 5.145E-01 1.586E-01  2.196769E-02  1.585934E-01  6.286515E-04  6.286515E-04
 280000     2.98536    1.065E-05  0.0058  1.001561856482624  0.03389  0.29244  0.000541 3.134E+02 1.570E+01 5.137E-01 1.586E-01  2.238560E-02  1.585834E-01  6.239640E-04  6.239640E-04
 285000     3.03862    1.065E-05  0.0058  1.001561859801792  0.03329  0.29219  0.000538 3.129E+02 1.567E+01 5.128E-01 1.586E-01  2.280295E-02  1.585735E-01  6.194454E-04  6.194454E-04
 290000     3.09188    1.065E-05  0.0058  1.001561861732303  0.03267  0.29229  0.000535 3.124E+02 1.563E+01 5.120E-01 1.586E-01  2.321972E-02  1.585636E-01  6.151062E-04  6.151062E-04
 295000     3.14514    1.065E-05  0.0058  1.001561872164425  0.03202  0.29235  0.000531 3.119E+02 1.559E+01 5.112E-01 1.586E-01  2.363581E-02  1.585537E-01  6.110022E-04  6.110022E-04
 300000     3.19840    1.065E-05  0.0058  1.001561868854640  0.03135  0.29235  0.000527 3.115E+02 1.555E+01 5.103E-01 1.585E-01  2.405126E-02  1.585438E-01  6.071297E-04  6.071297E-04
 305000     3.25167    1.065E-05  0.0058  1.001561875158467  0.03066  0.29229  0.000522 3.111E+02 1.551E+01 5.095E-01 1.585E-01  2.446616E-02  1.585340E-01  6.035172E-04  6.035172E-04
 310000     3.30493    1.065E-05  0.0058  1.001561876176855  0.02996  0.29209  0.000516 3.106E+02 1.547E+01 5.087E-01 1.585E-01  2.488043E-02  1.585241E-01  6.001408E-04  6.001408E-04
 315000     3.35819    1.065E-05  0.0058  1.001561878353779  0.02925  0.29194  0.000509 3.102E+02 1.543E+01 5.079E-01 1.585E-01  2.529403E-02  1.585142E-01  5.970193E-04  5.970193E-04
 320000     3.41145    1.065E-05  0.0058  1.001561884007079  0.02855  0.29149  0.000501 3.098E+02 1.539E+01 5.071E-01 1.585E-01  2.570709E-02  1.585044E-01  5.941276E-04  5.941276E-04
 325000     3.46472    1.065E-05  0.0058  1.001561885871631  0.02786  0.29119  0.000492 3.094E+02 1.535E+01 5.063E-01 1.585E-01  2.611963E-02  1.584946E-01  5.914223E-04  5.914223E-04
 330000     3.51798    1.065E-05  0.0058  1.001561891047004  0.02720  0.29066  0.000483 3.090E+02 1.531E+01 5.055E-01 1.585E-01  2.653158E-02  1.584847E-01  5.889050E-04  5.889050E-04
 335000     3.57125    1.065E-05  0.0058  1.001561892996651  0.02660  0.29032  0.000474 3.087E+02 1.527E+01 5.047E-01 1.585E-01  2.694292E-02  1.584749E-01  5.865402E-04  5.865402E-04
 340000     3.62451    1.065E-05  0.0058  1.001561896371594  0.02605  0.28982  0.000464 3.083E+02 1.523E+01 5.039E-01 1.585E-01  2.735381E-02  1.584651E-01  5.843030E-04  5.843030E-04
 345000     3.67778    1.065E-05  0.0058  1.001561899006598  0.02558  0.28954  0.000455 3.080E+02 1.520E+01 5.031E-01 1.585E-01  2.776429E-02  1.584552E-01  5.821655E-04  5.821655E-04
 350000     3.73105    1.065E-05  0.0058  1.001561900597496  0.02520  0.28907  0.000447 3.077E+02 1.516E+01 5.023E-01 1.584E-01  2.817431E-02  1.584454E-01  5.801292E-04  5.801292E-04
 355000     3.78431    1.065E-05  0.0057  1.001561903074999  0.02490  0.28878  0.000439 3.074E+02 1.513E+01 5.015E-01 1.584E-01  2.858385E-02  1.584356E-01  5.781628E-04  5.781628E-04
 360000     3.83758    1.065E-05  0.0057  1.001561905987242  0.02469  0.28842  0.000433 3.072E+02 1.510E+01 5.008E-01 1.584E-01  2.899311E-02  1.584258E-01  5.762591E-04  5.762591E-04
 365000     3.89085    1.065E-05  0.0057  1.001561906090698  0.02457  0.28814  0.000427 3.070E+02 1.507E+01 5.000E-01 1.584E-01  2.940209E-02  1.584160E-01  5.744054E-04  5.744054E-04
 370000     3.94412    1.065E-05  0.0057  1.001561913256270  0.02454  0.28779  0.000421 3.067E+02 1.505E+01 4.991E-01 1.584E-01  2.981072E-02  1.584062E-01  5.726256E-04  5.726256E-04
 375000     3.99739    1.065E-05  0.0057  1.001561908040292  0.02457  0.28734  0.000416 3.065E+02 1.502E+01 4.983E-01 1.584E-01  3.021906E-02  1.583965E-01  5.708644E-04  5.708644E-04
 380000     4.05066    1.065E-05  0.0057  1.001561911459450  0.02466  0.28685  0.000412 3.063E+02 1.500E+01 4.975E-01 1.584E-01  3.062721E-02  1.583867E-01  5.691576E-04  5.691576E-04
 385000     4.10393    1.065E-05  0.0057  1.001561908813901  0.02480  0.28621  0.000408 3.061E+02 1.497E+01 4.967E-01 1.584E-01  3.103508E-02  1.583769E-01  5.674827E-04  5.674827E-04
 390000     4.15721    1.065E-05  0.0057  1.001561907810346  0.02498  0.28560  0.000404 3.059E+02 1.494E+01 4.959E-01 1.584E-01  3.144260E-02  1.583672E-01  5.658577E-04  5.658577E-04
 395000     4.21048    1.066E-05  0.0057  1.001561909706777  0.02518  0.28474  0.000400 3.056E+02 1.492E+01 4.951E-01 1.584E-01  3.184989E-02  1.583575E-01  5.642905E-04  5.642905E-04
 400000     4.26376    1.066E-05  0.0057  1.001561908424732  0.02541  0.28398  0.000397 3.054E+02 1.489E+01 4.943E-01 1.583E-01  3.225688E-02  1.583478E-01  5.627552E-04  5.627552E-04
 405000     4.31703    1.066E-05  0.0057  1.001561910881089  0.02565  0.28293  0.000393 3.051E+02 1.486E+01 4.935E-01 1.583E-01  3.266352E-02  1.583380E-01  5.612718E-04  5.612718E-04
 410000     4.37031    1.066E-05  0.0057  1.001561910445881  0.02590  0.28211  0.000390 3.048E+02 1.483E+01 4.927E-01 1.583E-01  3.306975E-02  1.583284E-01  5.598361E-04  5.598361E-04
 415000     4.42360    1.066E-05  0.0057  1.001561911975653  0.02615  0.28109  0.000387 3.045E+02 1.480E+01 4.918E-01 1.583E-01  3.347563E-02  1.583187E-01  5.584536E-04  5.584536E-04
 420000     4.47688    1.066E-05  0.0057  1.001561913118646  0.02639  0.28027  0.000384 3.042E+02 1.477E+01 4.910E-01 1.583E-01  3.388118E-02  1.583089E-01  5.571171E-04  5.571171E-04
 425000     4.53016    1.066E-05  0.0057  1.001561914044131  0.02662  0.27933  0.000381 3.039E+02 1.474E+01 4.902E-01 1.583E-01  3.428632E-02  1.582993E-01  5.558341E-04  5.558341E-04
 430000     4.58345    1.066E-05  0.0056  1.001561915906572  0.02683  0.27859  0.000378 3.036E+02 1.470E+01 4.894E-01 1.583E-01  3.469104E-02  1.582896E-01  5.546217E-04  5.546217E-04
 435000     4.63674    1.066E-05  0.0056  1.001561918950794  0.02702  0.27777  0.000376 3.033E+02 1.467E+01 4.886E-01 1.583E-01  3.509543E-02  1.582799E-01  5.534627E-04  5.534627E-04
 440000     4.69002    1.066E-05  0.0056  1.001561919054001  0.02718  0.27715  0.000373 3.030E+02 1.464E+01 4.878E-01 1.583E-01  3.549951E-02  1.582703E-01  5.523590E-04  5.523590E-04
 445000     4.74331    1.066E-05  0.0056  1.001561926108903  0.02731  0.27659  0.000371 3.028E+02 1.460E+01 4.870E-01 1.583E-01  3.590322E-02  1.582606E-01  5.513556E-04  5.513556E-04
 450000     4.79660    1.066E-05  0.0056  1.001561922230826  0.02740  0.27604  0.000369 3.025E+02 1.457E+01 4.862E-01 1.583E-01  3.630661E-02  1.582510E-01  5.504052E-04  5.504052E-04
 455000     4.84990    1.066E-05  0.0056  1.001561926469879  0.02746  0.27557  0.000366 3.023E+02 1.454E+01 4.854E-01 1.582E-01  3.670976E-02  1.582414E-01  5.495389E-04  5.495389E-04
 460000     4.90319    1.066E-05  0.0056  1.001561924722594  0.02748  0.27512  0.000364 3.020E+02 1.451E+01 4.846E-01 1.582E-01  3.711260E-02  1.582317E-01  5.487559E-04  5.487559E-04
 465000     4.95648    1.066E-05  0.0056  1.001561924810288  0.02747  0.27481  0.000362 3.018E+02 1.448E+01 4.839E-01 1.582E-01  3.751513E-02  1.582221E-01  5.480669E-04  5.480669E-04
 470000     5.00978    1.066E-05  0.0056  1.001561927292002  0.02741  0.27441  0.000360 3.016E+02 1.445E+01 4.831E-01 1.582E-01  3.791743E-02  1.582125E-01  5.474680E-04  5.474680E-04
 475000     5.06307    1.066E-05  0.0056  1.001561926706041  0.02732  0.27425  0.000358 3.014E+02 1.443E+01 4.823E-01 1.582E-01  3.831950E-02  1.582029E-01  5.469616E-04  5.469616E-04
 480000     5.11637    1.066E-05  0.0056  1.001561929597345  0.02720  0.27383  0.000356 3.012E+02 1.440E+01 4.815E-01 1.582E-01  3.872128E-02  1.581933E-01  5.465515E-04  5.465515E-04
 485000     5.16966    1.066E-05  0.0056  1.001561929608584  0.02705  0.27366  0.000354 3.010E+02 1.437E+01 4.808E-01 1.582E-01  3.912276E-02  1.581837E-01  5.462138E-04  5.462138E-04
 490000     5.22296    1.066E-05  0.0055  1.001561931444464  0.02686  0.27340  0.000353 3.008E+02 1.435E+01 4.800E-01 1.582E-01  3.952401E-02  1.581741E-01  5.459542E-04  5.459542E-04
 495000     5.27625    1.066E-05  0.0055  1.001561932539010  0.02665  0.27341  0.000351 3.006E+02 1.432E+01 4.793E-01 1.582E-01  3.992504E-02  1.581645E-01  5.457671E-04  5.457671E-04
 500000     5.32955    1.066E-05  0.0055  1.001561933558359  0.02641  0.27321  0.000349 3.004E+02 1.430E+01 4.785E-01 1.582E-01  4.032578E-02  1.581549E-01  5.456337E-04  5.456337E-04
 505000     5.38284    1.066E-05  0.0055  1.001561935041402  0.02615  0.27317  0.000348 3.002E+02 1.428E+01 4.778E-01 1.581E-01  4.072620E-02  1.581453E-01  5.455439E-04  5.455439E-04
 510000     5.43614    1.066E-05  0.0055  1.001561937984780  0.02587  0.27296  0.000346 3.001E+02 1.426E+01 4.770E-01 1.581E-01  4.112641E-02  1.581358E-01  5.454939E-04  5.454939E-04
 515000     5.48944    1.066E-05  0.0055  1.001561937378796  0.02557  0.27280  0.000345 2.999E+02 1.424E+01 4.763E-01 1.581E-01  4.152641E-02  1.581262E-01  5.454440E-04  5.454440E-04
 520000     5.54273    1.066E-05  0.0055  1.001561943475270  0.02526  0.27260  0.000343 2.997E+02 1.421E+01 4.756E-01 1.581E-01  4.192610E-02  1.581167E-01  5.454191E-04  5.454191E-04
 525000     5.59603    1.066E-05  0.0055  1.001561939484414  0.02493  0.27235  0.000341 2.995E+02 1.419E+01 4.748E-01 1.581E-01  4.232551E-02  1.581071E-01  5.453737E-04  5.453737E-04
 530000     5.64933    1.066E-05  0.0055  1.001561943059617  0.02460  0.27204  0.000339 2.993E+02 1.417E+01 4.741E-01 1.581E-01  4.272471E-02  1.580976E-01  5.453150E-04  5.453150E-04
 535000     5.70263    1.066E-05  0.0055  1.001561941067009  0.02426  0.27160  0.000337 2.991E+02 1.415E+01 4.734E-01 1.581E-01  4.312363E-02  1.580880E-01  5.452168E-04  5.452168E-04
 540000     5.75593    1.066E-05  0.0055  1.001561940903984  0.02392  0.27122  0.000335 2.988E+02 1.413E+01 4.726E-01 1.581E-01  4.352218E-02  1.580785E-01  5.450912E-04  5.450912E-04
 545000     5.80923    1.066E-05  0.0055  1.001561942879373  0.02359  0.27063  0.000332 2.986E+02 1.410E+01 4.719E-01 1.581E-01  4.392048E-02  1.580690E-01  5.449278E-04  5.449278E-04
 550000     5.86253    1.066E-05  0.0055  1.001561942175170  0.02326  0.27019  0.000329 2.983E+02 1.408E+01 4.712E-01 1.581E-01  4.431847E-02  1.580595E-01  5.447091E-04  5.447091E-04
 555000     5.91583    1.066E-05  0.0055  1.001561944951966  0.02294  0.26948  0.000326 2.980E+02 1.405E+01 4.705E-01 1.580E-01  4.471608E-02  1.580499E-01  5.444589E-04  5.444589E-04
 560000     5.96914    1.066E-05  0.0055  1.001561945099716  0.02264  0.26887  0.000322 2.977E+02 1.403E+01 4.698E-01 1.580E-01  4.511323E-02  1.580404E-01  5.441486E-04  5.441486E-04
